
2298.084772602718
2378.062006331077
2460.882519079944
2196.6650950004214
2468.7039682137943
2283.6268474463145
2198.4007389022163
2272.275421664381
2313.1167526545755
2363.8214152722494
2307.019081546189
2136.7104876065177
2342.1838485477538
2199.4816009412207
2052.809568270458
2203.9319794346325
2272.2553469626905
2272.8955152061885
2172.8741842130257
2098.2529957820784
2130.0225117654522
2311.343973053881
2308.7381597716835
2299.526908805209
2299.8176532651823
2288.5452169870123
2385.969509755954
2142.716456878614
2218.8213516431206
2328.316783780038
2189.1033761372973
794.9384785944075
2307.655676908643
2428.0030894660426
2256.801927254289
2496.9656572460226
2221.3171354195547
2412.2942394668044
2413.8478405003957
2406.7063075587234
753.2218245979444
2329.9119005457096
2364.1269322346975
2396.3244144736686
2447.0869675063964
2266.216954551886
2328.912181744575
2459.120894611927
2369.7154196761703
2303.865462831893
2257.269471940235
2610.744442420686
2412.517893338126
2354.353967147496
2337.5591507247245
2412.2996693634846
2392.2235420198344
2438.7606575490695
2481.223717940789
2418.219197435676
2364.1415787526807
2428.109187184421
2406.4712765033128
2357.380075834065
2289.4223453768354
2448.6737332412313
2245.261811249011
2533.5921007734696
2505.0674797859565
2577.432467092328
2270.463920521773
2452.0241175118786
2439.338296491622
2401.0367031460664
2384.1841057463153
2589.0149014862986
2405.1520657148894
2509.9663386989323
2473.947361269481
2472.5030129998904
2503.5908839205067
2274.494837817051
2533.316511047886
2408.791311661455
2454.602365415772
2503.180460759889
2453.6925482894394
2482.5080786243343
2428.182260597009
2553.435042180028
2376.560394046105
2554.8022916240193
2445.841124687832
2482.9020176690155
2398.126970274351
2494.9954975571973
2349.8631560483614
644.1779539870552
2297.892867376908
2371.298131639178
2450.9438282976625
2473.8952819509686
2528.591379890246
2617.620356452355
2378.725145488409
2594.5750352967666
2449.868310612942
2405.347627835718
2453.834264600341
2492.6805037706285
1285.1301790005477
2341.675747028887
2509.4410776101504
2588.8635215735217
2448.3718259186526
2417.626370042015
2481.0689920891805
2224.6050972706003
2485.340704218161
2377.3253086694012
2612.7928373843506
2565.8559506922984
2465.118410098642
2499.6624057723243
2546.740196806464
2548.0347831101526
2624.898354990811
2334.988559142771
2403.8837938635575
2406.2642712192464
2424.9312364423686
2516.8620518234015
2604.7151890433593
2549.6369527791585
2564.7659821151638
2475.1415246041656
2677.489161788503
2497.4355023479116
2535.372331201592
2507.9370052478985
2573.7332580853003
2373.536477729564
2564.4116637052985
2555.2542694669523
2533.2641074272497
2548.582806442628
2525.7670185034954
2576.545038337334
2568.105758386754
2647.666610725372
2760.8841127848727
2628.5307165110517
2490.653049175789
2465.554838076212
2556.9107730408523
2501.3852771518964
2436.099047205163
2457.6621470798486
2484.92653844645
2549.8259681770724
2685.8132004942463
2432.536603439555
2649.030271156532
2536.9828137541267
2592.212986084498
2487.150900584147
2538.8072301730867
2642.17533757403
2559.7454750157776
2565.8423791257633
2530.426282568983
2573.7347723566754
2457.303258611521
2411.3826786471864
2435.6836748511205
2708.8742061049334
2554.6011263109312
2340.1278348857204
2489.869002369229
2664.7773287244227
2365.6935631428214
2567.601276908246
2683.79503002663
2655.038277167685
2468.4027448202505
2483.922933163193
2563.3616247213236
2548.965053913183
2570.2477485596523
2480.0584014037818
2543.2828218064146
2575.2732859334706
2484.7995892539616
2656.7277887278597
2586.1108127089074
2573.3993283071345
2605.3625658892292
2647.433998254255
2554.206868672849
2542.1929905085913
2635.7185342765697
2552.664835086355
2489.8725320394983
2596.894944486119
2695.0129862055483
2609.223061456956
2707.982673937474
2408.656477615538
2706.607777154068
2381.2280394808145
2450.973967619009
2516.035431638508
2516.0772158425557
2552.7135093352745
2357.542159882952
2574.970658546738
2725.651770083858
2582.262138479122
2421.9749262150867
2426.7574123184736
2609.2728915459184
2657.1023881747324
2622.4786552777914
2554.073661691876
2652.594234549654
2580.89426979543
2543.5831246103926
2636.8313096008187
2585.216816824642
2568.5221578999494
2615.594245644641
2566.9249220225656
2288.3678726280878
2631.468033738572
2599.7896992459578
2548.801838102763
2585.9584793395084
2557.76512027203
2622.013986817085
2648.8121476675747
2641.184637953602
2628.1209618123844
2509.9760837803633
2532.9565555181243
2703.6921690944446
2683.754842971116
2488.352880050508
2463.207474346
2448.2819423334968
2627.7809776606714
2642.8436114510705
2527.7298511219296
2503.7816642162447
2498.067437236374
2622.142020912436
2503.1735829337235
2685.621983752617
2714.2198015380905
2581.3889806115167
2607.6180566538874
2615.640297088639
2642.4498347958283
2619.536198317249
2576.713403981642
2659.232494186032
2578.1856734104786
2649.2416709181975
2627.840886989819
2634.5981321109216
2694.5634288873853
2594.682895668489
2536.4624506264217
2754.1013697882327
2586.445694054916
2647.0212531723646
2512.91636727458
2715.1109274296336
2546.5521790457033
2592.8717079476864
2648.135382838997
2708.1576762646273
2722.9635888981097
2746.8377028900777
2670.679229532899
2599.4354573302853
2621.217921788634
2718.924237155715
2531.1359848096254
692.5730640325505
2711.533424368024
2632.7548995439283
2588.7640885450137
2637.8157267230827
2597.3158542868177
2753.323572095814
2741.3649150081783
2670.7494207269283
2664.0822513767403
2641.695441057195
2693.2939509133935
2456.2995315115104
2605.899382121104
2635.292545448623
2525.9002243435716
2566.314784110867
2558.494749476695
2669.007987121519
2520.693070982325
2616.7592122431743
2629.5574699325907
2464.5918546158323
2748.4046268027423
2658.0449545443257
2706.5320694344045
2640.6017622367854
2540.1690101668673
2650.191038516082
2625.9779058670233
2676.83383049873
2810.665453143668
2646.1913342552803
2670.662197361891
2652.0209071067497
2667.1251847552035
2694.19237024492
2698.472878497271
2714.86978246846
2647.6935208302293
2577.2740315205474
2649.7365744784656
2745.3056218788433
2734.79549829192
2661.9594126408574
2625.130150042481
2830.504677701471
2784.702861091885
2637.2435933922197
2764.8107243660947
2642.837926585729
2639.177967769958
2686.7388311411983
2646.909504824118
2764.6906326353537
2793.017421589331
2798.3853304246772
2490.222209753618
2607.5695648299907
2618.4544647620305
2690.5318925992924
2659.1766041285427
2407.399762912684
2676.3863899260778
2724.5941451192703
2688.084469056903
2645.2723395135013
2603.7581629473934
2778.8142054844507
2629.7367303147553
2701.3061747154075
2854.808458793799
2649.718568946702
2853.3775082904785
2601.962554639571
2523.254878928955
2747.8838339635417
695.1267487204251
2711.61940065486
2596.7867775513173
2753.9513674325403
2792.480240297546
2755.964162502576
2614.0287250104866
2609.614219226196
2710.4135955431275
2737.1210182303803
2784.300753088197
2743.4855246019597
2625.4352612631606
2736.8597753986755
2680.655557284822
2775.4822311195
2547.214662887447
2670.3969972640607
2544.222259380949
2619.968445764619
2727.6017099288592
2643.638584062749
2603.187017638609
2699.683894496276
2735.983262905777
2764.048537978686
2607.5282192358472
2670.401633813428
2645.563089153667
2637.3434441917043
2656.794529815325
2453.818158077164
2837.528135392835
2747.9876988863393
2729.9856082930214
2547.3220925083715
2812.39096190873
2799.584639308983
2671.745680753605
2715.2702268122252
1090.0301238410877
2855.88543813646
2735.888809729505
2812.810589395269
2604.927777622785
2707.015381560343
2750.8918325016193
2721.8398926833765
2572.489833748023
2892.4425358842955
2673.826163064093
2919.4089730848636
2655.1510271517664
2766.9308958075853
2720.483151261098
2947.0933657286914
2614.6106443349713
2703.276187128269
2725.311819098672
2746.2912347357997
2564.816355997077
2880.4801007259257
2685.735447153276
2743.4611363209597
2711.633410084153
2745.2702032333273
2781.08636437436
2538.349865893628
2728.8658352788307
2701.29261239058
2802.9416349715507
2688.6953273329123
2760.08423124737
2663.759503014057
2614.8766782333732
2775.3423420113368
2657.2211720015166
2772.8840742629272
2778.5896946438934
2508.8448692227475
2707.553541735538
2839.986908726804
2741.5325607761415
2704.6410444588455
2597.8015001114186
2918.2562861646566
2602.533258619555
2803.4670763623
2684.7210755835567
2726.828930900349
2640.086457246518
2722.750954807284
2826.0968755727895
2802.0919556565605
2900.6068850297333
2797.0770847975687
2711.739353532742
2785.1985740214086
2661.043809060478
2606.5959600375854
2846.36273112724
2763.927295007863
2843.036748472089
2733.165446224617
2780.294635323357
2859.5390178191788
2767.369393732055
2776.33816582849
2668.753352346822
2804.258695047089
2771.8982593967485
2789.8396082130175
2747.69885873227
2768.476510367216
2790.522214000393
2594.3377809914177
2755.5726761768856
2844.0813530615455
2706.5650753523255
2699.995595983587
2768.32831243957
2794.3110196240914
2717.3508959925907
2763.276727563944
2749.7703267213296
2758.5484713416727
2794.1753279665795
2671.041400913074
2846.6746324354303
2626.748949602584
2658.1090355859774
2755.1793462960613
2763.688560537707
2648.6106405782753
2734.4813486043086
2728.4444895992037
2800.5509397665332
2669.8027393230514
2777.2535684115855
2617.3736920122037
2825.3819700796157
2917.1524365934843
2746.2002894771217
1832.5311731182865
2652.1473608966894
2595.7890086190578
2740.836650684152
2760.844724766013
2874.3936173873317
2874.911193806206
2846.7517562780945
2715.7465058923444
2747.723234903388
2827.2036492632333
2687.9109994467167
2656.420265785118
2735.000278524474
2663.8860781643093
2800.1684578987915
2726.926306395279
2766.502211275526
2702.8869895654548
2706.0874957931474
2611.892447453996
2702.517106207982
2709.010304329853
2857.8322933976574
2762.75922085852
2788.089865256303
2721.414017629327
2710.7273461850737
2727.3339248453017
2687.0800240546237
2779.9649359297237
2861.9357252213495
2761.1528242443583
2759.924573175445
2648.198036214511
2650.10112063371
2691.135649993319
2811.0529227863985
2796.846798237353
2745.425628351351
2737.5281209816562
2641.7156631790117
2917.0326301406853
2669.0589750195927
2485.707874867646
2771.597723957205
2779.613419314942
2796.936820179411
2870.8961579380393
2826.8132179049267
2853.45389701329
2755.497610793462
2885.6887064370167
2567.1865222870724
2931.4686872853426
2754.5226943629623
2705.6200960600177
2735.715856292334
2799.6258294840422
2861.870145846631
2818.686472939939
2926.6826112519166
2802.6545658785913
2890.9531133650107
2475.9446663111503
2616.65882828754
2778.09037788671
2849.214326600665
2829.8063739604186
2829.587232957524
2731.9528547396812
2846.5730645609606
2759.442078145845
2734.4482848759103
2753.86639344968
2754.754050103458
2878.8455299916045
2670.626223099462
2607.153370847522
2881.7384152201093
2835.53800996689
2895.118967466165
2784.098659132515
2634.8924019789993
2711.396612061212
2788.603150150512
2823.300712579814
2664.378232704186
2819.0564030292367
2895.137454556109
2728.0086727623247
2809.3314468518233
2856.0185185083606
2848.8062663777705
2805.6631828352647
2859.024215910438
2877.3504842948555
2775.2147702614034
2772.3464619963943
2768.0055393046187
2798.3620346016414
2783.9965800663867
2591.5520606064097
2794.6534661493138
2761.524956614147
2815.486695965758
2839.508098777358
3030.800858432622
2829.4673096387246
2734.80522285893
2723.4190382359957
2646.4499992565407
2815.4985352501735
2760.1606561507556
2666.2517635633435
2610.593038577871
2703.4718748046926
2598.8315961048925
2862.5416720151975
2747.059499792085
2763.9477344683464
2946.5688511617627
2932.169676098145
2753.966435820093
2817.7644876955046
2859.547613742847
2716.662768924764
2843.709924867398
2739.2784986646957
2804.8128801446655
2732.8748353474944
2779.484939383501
2666.6443128901196
2819.9439671712908
2772.0029910957305
2808.8836135930633
2731.3741065455347
2833.159305441341
2780.6779155362806
2844.8364167640616
2828.1938318638618
2657.2868989467433
2834.998420300871
2786.5300248869607
2717.8658477770255
2725.9243201544987
2870.232284799462
2897.526826177174
2778.1420535144625
2738.9350205764017
2907.8427889465183
2815.0303620728996
2936.192822301156
2753.0827092962268
2770.593372349008
2812.62734413382
2693.3300791865177
2733.3743390791165
2736.7439762256786
2742.191562342859
2825.9855026197533
2712.1034381876316
2848.3168433892033
2851.5945686008936
2925.72914142403
2813.343204371751
2883.0767753568075
2783.2578702687533
2969.6717644138957
2774.314953387319
2813.489105427784
2887.2686862770634
2672.1185370472463
2739.6996135295462
2902.782364801516
2791.4198123799806
2896.719737130601
2799.684579280901
2817.1120348710438
2880.048136435459
2814.912051887245
2872.5597408844083
2788.3056493513727
2771.964870836756
2872.924025813563
2915.701186417396
2751.203939815434
2757.3548402521487
2864.2030030644946
2837.036555669212
2859.4088191978044
2762.754376906674
2718.5339327483757
2964.7641929933134
2867.364715665707
2781.620614279677
2797.6978395979895
2722.6029815586858
2677.251403879047
2887.253439281839
2790.6754013483646
2650.3750303385673
2826.965743550538
2844.2933953192423
2851.668322503954
2794.5515652644167
2949.6080874361965
2818.9023790365804
2892.575302220441
2691.453462668453
2764.9593572137383
2814.0851740757785
2893.129661704855
2789.515792103536
2708.793854359734
2784.895509212989
2783.462132885461
2627.2786336697377
2866.672400143107
2895.348939154737
2879.6370595991407
2717.3264612009552
2989.737121841293
2699.1833151887286
2720.644899828664
2830.3153257974554
2813.0176482320417
2796.926441573841
2749.970357493251
2922.357532337708
2855.4938506412113
2746.3031819913936
2842.7045878679264
2761.3390006005043
2683.0789780943483
2820.759474779513
2856.2011893116546
2886.928723247392
2708.9357000667733
2916.167226789486
2868.5801446282144
2932.269739212424
2858.7127223262323
2783.980194389328
2865.2057867431786
2808.7351124851807
2681.9136689655656
2708.110412031393
2782.0804392928594
2917.7729999960234
2836.9471276741074
2874.5023066330505
2960.924903339416
3013.2906681175086
2860.779940626657
2803.4326117946193
2824.3389673885176
2866.689704112154
2854.752477416249
2887.321136396993
2884.5585536418416
2836.935023700093
2833.8581935996003
3032.5813578266075
2933.6227923295105
2837.339389207987
2880.4975792673595
2940.618975355608
2791.164172733524
2776.5387193052056
2812.088907417567
3056.9020391845556
3003.80556130688
2795.045701153112
2836.4745185701
2867.2989071372695
2893.82209339163
2944.654879649322
2810.08674845894
2807.179548641453
2872.4697507263345
2803.4108579934573
2826.207655606927
2939.4227384234796
2747.694222258371
2933.4064669693666
2894.491856900456
2940.6943357196265
2966.160340585021
2700.070941481454
2776.60648187856
2824.6679435004544
2831.5747677675604
2772.570323348084
2688.6664778422496
2992.2073975110543
2853.0068937656524
2928.393395135225
2926.15321740858
2757.7750994381727
2782.393824446745
2721.805474080131
2920.252600321084
2855.3902266669675
2810.281741031214
2777.16004820105
2920.160507329206
2973.0605481857065
2862.5852533281736
2999.794341446568
2963.672403475955
2977.5185095981365
2922.51553005855
2873.8387958684893
2978.4680019136595
2817.5600865341426
2892.720569266624
2793.7043730758446
2955.6171591625707
2858.833068988237
2779.6257430874243
3024.2214039448654
2624.1797929773084
3062.884070944749
2849.1960511644443
2820.9332853495307
2817.7483932150326
2993.2971307527428
2808.225338580252
2773.3877138313424
2623.739430582063
3017.1125323284846
2822.848745333735
2737.30284211875
2953.1827927616537
2888.448019431574
2733.5175256876414
2898.0211630769268
2931.654568576443
2856.6376800869784
2923.95425275161
2790.5531849900512
3006.6075454605884
2913.301239352962
2891.0211854237423
2766.7224731505366
2898.333361804362
2952.9094667179866
2838.9745693681625
2775.1991297633845
2931.6624604309773
2892.3867130068284
2946.6189516615423
2862.8338199137934
2902.3569423391937
2829.6801574454503
2793.3739356096726
2911.213354970696
2826.4684612269134
2985.027729778632
2785.893597234857
2929.782455219727
2873.240171108779
2917.1460781278392
2762.593427600461
2949.1225815698967
2966.253539922578
2852.786614534124
2924.1500902621246
2892.577204196218
2971.4592343363834
2756.933213917882
2814.3643707522615
2935.196802537311
2799.1134874291615
2952.07217154671
2889.648334630288
2841.308624752293
2838.8067575508567
2723.051596752975
3026.6261834987854
2893.003763053101
3036.7858977279843
2760.334875205011
2878.940633818098
2843.525989612697
2830.5015540632876
2764.9540753515807
2968.3253410387233
2787.469351436583
2995.6801093391796
2794.5728612914213
2956.896144819873
2849.6308674759002
3007.989196263057
2897.8581744547773
2795.4986625007364
2784.4239470880184
2813.015040124151
2916.093589057937
2900.556937592208
2980.742512367573
2924.684400192152
2929.5835120883944
3168.5434045963593
2847.431178813694
2882.4209178089004
2731.5254925510017
2941.8824228000135
2945.7582244566206
2941.7922926354313
3022.4497747801042
2944.803285178638
2875.1126839353465
2916.972139295377
2850.8718135479708
2810.4358222982937
2982.8858377761094
2930.509083505081
2853.6032874440684
2865.231514641656
2861.841315771062
2932.7521212231377
3076.987908770388
2971.408015417856
2713.945739398327
2920.839356076115
2917.057162802082
2937.66921719925
2746.7660014070616
2747.323944925476
2948.212258336781
2942.344613631266
2876.866036946216
2687.953402922706
2953.659586280305
3038.791602339641
2817.4427158423136
3050.2107145367127
2989.6829796012844
2943.8982693135526
2836.1762229725173
2817.2278395046255
2825.608207640247
2784.740554565786
3173.2133265452494
2863.7346054384634
2986.6701154680395
3031.450872452961
3043.4058353548635
2873.2822707032506
2973.516203145161
2868.09299510942
2967.472857430069
2907.9876220335655
2957.4580121648223
2850.5281133557332
2900.233670485437
2838.2827537305534
3022.5781361581335
2853.2416210337174
2844.976696203737
2915.2656803058417
2853.100652356922
2936.6615838974935
2801.4947426607832
2922.4818430507767
2843.2650343084215
2627.3459428741257
2870.0091846004734
2806.450419314781
2751.410951625185
2850.437671770552
2930.7732816266525
3044.3607148838187
2995.17326740626
2998.0097359356596
2883.2039045503043
2807.936281958279
2949.002137590339
3029.251796592985
2821.2431487002173
2892.9688427277124
3037.5766748413926
2916.661295011667
2800.9959065362837
2969.764773922195
2913.042568075516
2957.9876639009417
2715.3346718019607
2717.9455812140154
2937.5229125846204